kinematics:
  shoulder:
    x: 0
    y: 0
    z: 0.1626663046533601
    roll: -0
    pitch: 0
    yaw: -1.309823303985436e-08
  upper_arm:
    x: 0.0001892133721334374
    y: 0
    z: 0
    roll: 1.570481652940972
    pitch: 0
    yaw: -4.838679546973804e-06
  forearm:
    x: -0.4250691046213567
    y: 0
    z: 0
    roll: 3.141192183955849
    pitch: -3.14097776520595
    yaw: -3.1415886388614
  wrist_1:
    x: -0.3922541982155904
    y: -0.00110229294173243
    z: 0.1335062354270121
    roll: 0.008256302723212849
    pitch: 0.0003188941020067657
    yaw: -2.337368052287473e-06
  wrist_2:
    x: 3.314089365613141e-05
    y: -0.09973513213503153
    z: 5.58154608362259e-05
    roll: 1.570236689946633
    pitch: 0
    yaw: 6.768763911174648e-08
  wrist_3:
    x: 2.433256684522826e-06
    y: 0.09955295228699239
    z: 0.0001170904810035684
    roll: 1.571972489071565
    pitch: 3.141592653589793
    yaw: -3.141592572251475
  hash: calib_12620314504972885445